entry_id	scope	asset_key	internal_id	source_row	source_artifact	source_artifact_sha256	source_text_sha256	google_translation	legacy_translation	translation	replacement_text	byte_limit	encoded_length	control_signature	status	notes
DLC0329/ID00003/000002	dlc	DLC0329	ID00003	2	!DLC/DLC0329_cpk/DLC0329(DLC-29)-ID00003-script-통합.xlsx	83782ed8f0b2e8a7a17c31b6e19525ee99c7fafa82f0cf2f656065e2e6c056f6	19a0fbc708488bee0413b5ddad28ff287b05471f3ce5eadbebd01623d8b535ce	ＡＧ		AG	ＡＧ		4	[]	imported	
DLC0329/ID00003/000003	dlc	DLC0329	ID00003	3	!DLC/DLC0329_cpk/DLC0329(DLC-29)-ID00003-script-통합.xlsx	83782ed8f0b2e8a7a17c31b6e19525ee99c7fafa82f0cf2f656065e2e6c056f6	e91b1600ec1ada54c08e55709a86556948dd80321e3fa4ea1d77e831bf64c68a	어라...?		어머…？	嬢袴…？		8	[]	imported	
DLC0329/ID00003/000004	dlc	DLC0329	ID00003	4	!DLC/DLC0329_cpk/DLC0329(DLC-29)-ID00003-script-통합.xlsx	83782ed8f0b2e8a7a17c31b6e19525ee99c7fafa82f0cf2f656065e2e6c056f6	17d7f6dc7e0e9e6b9a3c34e9addcf3819d43ab13daaafb3753bea745ea2d48cc	어디선가 선물이 도착하고 있군요		어딘가에서 선물이 도착했네요	嬢拠亜拭辞　識弘戚　亀鐸梅革推		30	[]	imported	
DLC0329/ID00003/000005	dlc	DLC0329	ID00003	5	!DLC/DLC0329_cpk/DLC0329(DLC-29)-ID00003-script-통합.xlsx	83782ed8f0b2e8a7a17c31b6e19525ee99c7fafa82f0cf2f656065e2e6c056f6	19a0fbc708488bee0413b5ddad28ff287b05471f3ce5eadbebd01623d8b535ce	ＡＧ		AG	ＡＧ		4	[]	imported	
DLC0329/ID00003/000006	dlc	DLC0329	ID00003	6	!DLC/DLC0329_cpk/DLC0329(DLC-29)-ID00003-script-통합.xlsx	83782ed8f0b2e8a7a17c31b6e19525ee99c7fafa82f0cf2f656065e2e6c056f6	24da4f73170f61907ce03db6c04ac65a8817b24895e67db32cf22201e73211a3	분명 노력하고 있는 여러분에 대한 보상일 것입니다.		분명 열심히 하는 여러분에게 주는 포상일 거예요	歳誤　伸宿備　馬澗　食君歳拭惟　爽澗　匂雌析　暗森推		52	[]	imported	
DLC0329/ID00003/000007	dlc	DLC0329	ID00003	7	!DLC/DLC0329_cpk/DLC0329(DLC-29)-ID00003-script-통합.xlsx	83782ed8f0b2e8a7a17c31b6e19525ee99c7fafa82f0cf2f656065e2e6c056f6	8a535f1c411ca0e24c49e621608eda0c275e7d76a076258acf884d34711c174d	마음껏 사용해 주십시오		마음껏 사용하세요	原製億　紫遂馬室推		18	[]	imported	
